3.4180e-03 3.2043e-03 
1.0254e-02 1.0297e-02 
1.7090e-02 1.7222e-02 
2.3926e-02 2.4027e-02 
3.0762e-02 3.0707e-02 
3.7598e-02 3.7674e-02 
4.4434e-02 4.4613e-02 
5.1270e-02 5.1525e-02 
5.8105e-02 5.8207e-02 
6.4941e-02 6.4965e-02 
7.1777e-02 7.2181e-02 
7.8613e-02 7.8979e-02 
8.5449e-02 8.5741e-02 
9.2285e-02 9.2584e-02 
9.9121e-02 9.9378e-02 
1.0596e-01 1.0608e-01 
1.1279e-01 1.1310e-01 
1.1963e-01 1.1997e-01 
1.2646e-01 1.2673e-01 
1.3330e-01 1.3362e-01 
1.4014e-01 1.4046e-01 
1.4697e-01 1.4723e-01 
1.5381e-01 1.5396e-01 
1.6064e-01 1.6078e-01 
1.6748e-01 1.6773e-01 
1.7432e-01 1.7396e-01 
1.8115e-01 1.8087e-01 
1.8799e-01 1.8800e-01 
1.9482e-01 1.9455e-01 
2.0166e-01 2.0132e-01 
2.0850e-01 2.0796e-01 
2.1533e-01 2.1488e-01 
2.2217e-01 2.2150e-01 
2.2900e-01 2.2806e-01 
2.3584e-01 2.3500e-01 
2.4268e-01 2.4159e-01 
2.4951e-01 2.4783e-01 
2.5635e-01 2.5457e-01 
2.6318e-01 2.6155e-01 
2.7002e-01 2.6807e-01 
2.7686e-01 2.7488e-01 
2.8369e-01 2.8118e-01 
2.9053e-01 2.8828e-01 
2.9736e-01 2.9437e-01 
3.0420e-01 3.0108e-01 
3.1104e-01 3.0765e-01 
3.1787e-01 3.1413e-01 
3.2471e-01 3.2066e-01 
3.3154e-01 3.2715e-01 
3.3838e-01 3.3371e-01 
3.4521e-01 3.3999e-01 
3.5205e-01 3.4631e-01 
3.5889e-01 3.5312e-01 
3.6572e-01 3.5952e-01 
3.7256e-01 3.6601e-01 
3.7939e-01 3.7226e-01 
3.8623e-01 3.7860e-01 
3.9307e-01 3.8482e-01 
3.9990e-01 3.9159e-01 
4.0674e-01 3.9769e-01 
4.1357e-01 4.0396e-01 
4.2041e-01 4.1040e-01 
4.2725e-01 4.1662e-01 
4.3408e-01 4.2288e-01 
4.4092e-01 4.2877e-01 
4.4775e-01 4.3514e-01 
4.5459e-01 4.4136e-01 
4.6143e-01 4.4763e-01 
4.6826e-01 4.5351e-01 
4.7510e-01 4.5987e-01 
4.8193e-01 4.6596e-01 
4.8877e-01 4.7207e-01 
4.9561e-01 4.7776e-01 
5.0244e-01 4.8436e-01 
5.0928e-01 4.9013e-01 
5.1611e-01 4.9608e-01 
5.2295e-01 5.0187e-01 
5.2979e-01 5.0811e-01 
5.3662e-01 5.1400e-01 
5.4346e-01 5.1996e-01 
5.5029e-01 5.2576e-01 
5.5713e-01 5.3153e-01 
5.6396e-01 5.3756e-01 
5.7080e-01 5.4323e-01 
5.7764e-01 5.4895e-01 
5.8447e-01 5.5469e-01 
5.9131e-01 5.6043e-01 
5.9814e-01 5.6596e-01 
6.0498e-01 5.7199e-01 
6.1182e-01 5.7736e-01 
6.1865e-01 5.8304e-01 
6.2549e-01 5.8856e-01 
6.3232e-01 5.9410e-01 
6.3916e-01 5.9953e-01 
6.4600e-01 6.0519e-01 
6.5283e-01 6.1080e-01 
6.5967e-01 6.1609e-01 
6.6650e-01 6.2169e-01 
6.7334e-01 6.2691e-01 
6.8018e-01 6.3241e-01 
6.8701e-01 6.3755e-01 
6.9385e-01 6.4285e-01 
7.0068e-01 6.4827e-01 
7.0752e-01 6.5340e-01 
7.1777e-01 6.6142e-01 
7.2803e-01 6.6891e-01 
7.3486e-01 6.7412e-01 
7.4512e-01 6.8207e-01 
7.5879e-01 6.9191e-01 
7.7246e-01 7.0224e-01 
7.8613e-01 7.1175e-01 
7.9980e-01 7.2131e-01 
8.1348e-01 7.3063e-01 
8.2715e-01 7.4050e-01 
8.4082e-01 7.4971e-01 
8.5449e-01 7.5838e-01 
8.6816e-01 7.6752e-01 
8.8184e-01 7.7642e-01 
8.9551e-01 7.8481e-01 
9.0918e-01 7.9337e-01 
9.2285e-01 8.0204e-01 
9.3652e-01 8.1021e-01 
9.5020e-01 8.1848e-01 
9.6387e-01 8.2589e-01 
9.7754e-01 8.3377e-01 
9.9121e-01 8.4171e-01 
1.0049e+00 8.4896e-01 
1.0186e+00 8.5649e-01 
1.0322e+00 8.6347e-01 
1.0459e+00 8.7083e-01 
1.0596e+00 8.7764e-01 
1.0732e+00 8.8390e-01 
1.0869e+00 8.9048e-01 
1.1006e+00 8.9692e-01 
1.1143e+00 9.0311e-01 
1.1279e+00 9.0902e-01 
1.1416e+00 9.1504e-01 
1.1553e+00 9.2071e-01 
1.1689e+00 9.2608e-01 
1.1826e+00 9.3145e-01 
1.1963e+00 9.3664e-01 
1.2168e+00 9.4427e-01 
1.2441e+00 9.5372e-01 
1.2715e+00 9.6166e-01 
1.2988e+00 9.6945e-01 
1.3262e+00 9.7681e-01 
1.3535e+00 9.8325e-01 
1.3945e+00 9.9126e-01 
1.4492e+00 9.9987e-01 
1.5039e+00 1.0054e+00 
1.5859e+00 1.0075e+00 
1.6680e+00 1.0036e+00 
1.7227e+00 9.9708e-01 
1.7637e+00 9.9016e-01 
1.7910e+00 9.8477e-01 
1.8184e+00 9.7875e-01 
1.8457e+00 9.7161e-01 
1.8730e+00 9.6410e-01 
1.9004e+00 9.5572e-01 
1.9277e+00 9.4671e-01 
1.9482e+00 9.3935e-01 
1.9619e+00 9.3425e-01 
1.9756e+00 9.2914e-01 
1.9893e+00 9.2359e-01 
2.0029e+00 9.1818e-01 
2.0166e+00 9.1248e-01 
2.0303e+00 9.0651e-01 
2.0439e+00 9.0045e-01 
2.0576e+00 8.9409e-01 
2.0713e+00 8.8797e-01 
2.0850e+00 8.8091e-01 
2.0986e+00 8.7444e-01 
2.1123e+00 8.6736e-01 
2.1260e+00 8.6041e-01 
2.1396e+00 8.5337e-01 
2.1533e+00 8.4603e-01 
2.1670e+00 8.3803e-01 
2.1807e+00 8.3034e-01 
2.1943e+00 8.2249e-01 
2.2080e+00 8.1493e-01 
2.2217e+00 8.0665e-01 
2.2354e+00 7.9828e-01 
2.2490e+00 7.8976e-01 
2.2627e+00 7.8125e-01 
2.2764e+00 7.7234e-01 
2.2900e+00 7.6383e-01 
2.3037e+00 7.5469e-01 
2.3174e+00 7.4562e-01 
2.3311e+00 7.3622e-01 
2.3447e+00 7.2655e-01 
2.3584e+00 7.1764e-01 
2.3721e+00 7.0747e-01 
2.3857e+00 6.9776e-01 
2.3994e+00 6.8826e-01 
2.4131e+00 6.7784e-01 
2.4268e+00 6.6764e-01 
2.4370e+00 6.5972e-01 
2.4438e+00 6.5502e-01 
2.4541e+00 6.4682e-01 
2.4644e+00 6.3901e-01 
2.4712e+00 6.3365e-01 
2.4780e+00 6.2829e-01 
2.4849e+00 6.2292e-01 
2.4917e+00 6.1763e-01 
2.4985e+00 6.1220e-01 
2.5054e+00 6.0667e-01 
2.5122e+00 6.0113e-01 
2.5190e+00 5.9563e-01 
2.5259e+00 5.8997e-01 
2.5327e+00 5.8464e-01 
2.5396e+00 5.7930e-01 
2.5464e+00 5.7333e-01 
2.5532e+00 5.6782e-01 
2.5601e+00 5.6193e-01 
2.5669e+00 5.5637e-01 
2.5737e+00 5.5069e-01 
2.5806e+00 5.4497e-01 
2.5874e+00 5.3919e-01 
2.5942e+00 5.3352e-01 
2.6011e+00 5.2762e-01 
2.6079e+00 5.2166e-01 
2.6147e+00 5.1576e-01 
2.6216e+00 5.0983e-01 
2.6284e+00 5.0415e-01 
2.6353e+00 4.9817e-01 
2.6421e+00 4.9225e-01 
2.6489e+00 4.8638e-01 
2.6558e+00 4.8039e-01 
2.6626e+00 4.7435e-01 
2.6694e+00 4.6827e-01 
2.6763e+00 4.6205e-01 
2.6831e+00 4.5574e-01 
2.6899e+00 4.4985e-01 
2.6968e+00 4.4373e-01 
2.7036e+00 4.3768e-01 
2.7104e+00 4.3163e-01 
2.7173e+00 4.2538e-01 
2.7241e+00 4.1894e-01 
2.7310e+00 4.1306e-01 
2.7378e+00 4.0648e-01 
2.7446e+00 4.0028e-01 
2.7515e+00 3.9411e-01 
2.7583e+00 3.8788e-01 
2.7651e+00 3.8132e-01 
2.7720e+00 3.7517e-01 
2.7788e+00 3.6884e-01 
2.7856e+00 3.6249e-01 
2.7925e+00 3.5578e-01 
2.7993e+00 3.4948e-01 
2.8062e+00 3.4321e-01 
2.8130e+00 3.3680e-01 
2.8198e+00 3.3038e-01 
2.8267e+00 3.2379e-01 
2.8335e+00 3.1747e-01 
2.8403e+00 3.1102e-01 
2.8472e+00 3.0450e-01 
2.8540e+00 2.9796e-01 
2.8608e+00 2.9154e-01 
2.8677e+00 2.8477e-01 
2.8745e+00 2.7828e-01 
2.8813e+00 2.7184e-01 
2.8882e+00 2.6519e-01 
2.8950e+00 2.5825e-01 
2.9019e+00 2.5208e-01 
2.9087e+00 2.4518e-01 
2.9155e+00 2.3886e-01 
2.9224e+00 2.3194e-01 
2.9292e+00 2.2548e-01 
2.9360e+00 2.1874e-01 
2.9429e+00 2.1227e-01 
2.9497e+00 2.0549e-01 
2.9565e+00 1.9881e-01 
2.9634e+00 1.9215e-01 
2.9702e+00 1.8554e-01 
2.9771e+00 1.7857e-01 
2.9839e+00 1.7193e-01 
2.9907e+00 1.6522e-01 
2.9976e+00 1.5852e-01 
3.0044e+00 1.5174e-01 
3.0112e+00 1.4503e-01 
3.0181e+00 1.3828e-01 
3.0249e+00 1.3160e-01 
3.0317e+00 1.2469e-01 
3.0386e+00 1.1799e-01 
3.0454e+00 1.1115e-01 
3.0522e+00 1.0475e-01 
3.0591e+00 9.7689e-02 
3.0659e+00 9.1225e-02 
3.0728e+00 8.4064e-02 
3.0796e+00 7.7414e-02 
3.0864e+00 7.0662e-02 
3.0933e+00 6.3876e-02 
3.1001e+00 5.6987e-02 
3.1069e+00 5.0397e-02 
3.1138e+00 4.3089e-02 
3.1206e+00 3.6577e-02 
3.1274e+00 2.9655e-02 
3.1343e+00 2.3208e-02 
3.1411e+00 1.6113e-02 
3.1479e+00 9.5669e-03 
3.1548e+00 2.5128e-03 
3.1616e+00 -4.3175e-03 
3.1685e+00 -1.1089e-02 
3.1753e+00 -1.7457e-02 
3.1821e+00 -2.4678e-02 
3.1890e+00 -3.1508e-02 
3.1958e+00 -3.8180e-02 
3.2026e+00 -4.5072e-02 
3.2095e+00 -5.1739e-02 
3.2163e+00 -5.8536e-02 
3.2231e+00 -6.5338e-02 
3.2300e+00 -7.2094e-02 
3.2368e+00 -7.8738e-02 
3.2437e+00 -8.5574e-02 
3.2505e+00 -9.2361e-02 
3.2573e+00 -9.9278e-02 
3.2642e+00 -1.0596e-01 
3.2710e+00 -1.1278e-01 
3.2778e+00 -1.1926e-01 
3.2847e+00 -1.2638e-01 
3.2915e+00 -1.3291e-01 
3.2983e+00 -1.3953e-01 
3.3052e+00 -1.4613e-01 
3.3120e+00 -1.5277e-01 
3.3188e+00 -1.5955e-01 
3.3257e+00 -1.6641e-01 
3.3325e+00 -1.7309e-01 
3.3394e+00 -1.7998e-01 
3.3462e+00 -1.8642e-01 
3.3530e+00 -1.9322e-01 
3.3599e+00 -1.9979e-01 
3.3667e+00 -2.0657e-01 
3.3735e+00 -2.1304e-01 
3.3804e+00 -2.1960e-01 
3.3872e+00 -2.2630e-01 
3.3940e+00 -2.3287e-01 
3.4009e+00 -2.3949e-01 
3.4077e+00 -2.4592e-01 
3.4146e+00 -2.5225e-01 
3.4214e+00 -2.5892e-01 
3.4282e+00 -2.6552e-01 
3.4351e+00 -2.7216e-01 
3.4419e+00 -2.7869e-01 
3.4487e+00 -2.8543e-01 
3.4556e+00 -2.9145e-01 
3.4624e+00 -2.9837e-01 
3.4692e+00 -3.0444e-01 
3.4761e+00 -3.1069e-01 
3.4829e+00 -3.1727e-01 
3.4897e+00 -3.2373e-01 
3.4966e+00 -3.2995e-01 
3.5034e+00 -3.3629e-01 
3.5103e+00 -3.4271e-01 
3.5171e+00 -3.4906e-01 
3.5239e+00 -3.5548e-01 
3.5308e+00 -3.6185e-01 
3.5376e+00 -3.6799e-01 
3.5444e+00 -3.7438e-01 
3.5513e+00 -3.8033e-01 
3.5581e+00 -3.8674e-01 
3.5649e+00 -3.9287e-01 
3.5718e+00 -3.9937e-01 
3.5786e+00 -4.0540e-01 
3.5854e+00 -4.1122e-01 
3.5923e+00 -4.1750e-01 
3.5991e+00 -4.2373e-01 
3.6060e+00 -4.3004e-01 
3.6128e+00 -4.3575e-01 
3.6196e+00 -4.4187e-01 
3.6265e+00 -4.4816e-01 
3.6333e+00 -4.5405e-01 
3.6401e+00 -4.6005e-01 
3.6470e+00 -4.6586e-01 
3.6538e+00 -4.7176e-01 
3.6606e+00 -4.7779e-01 
3.6675e+00 -4.8377e-01 
3.6743e+00 -4.8963e-01 
3.6812e+00 -4.9530e-01 
3.6880e+00 -5.0117e-01 
3.6948e+00 -5.0698e-01 
3.7017e+00 -5.1266e-01 
3.7085e+00 -5.1850e-01 
3.7153e+00 -5.2436e-01 
3.7222e+00 -5.2986e-01 
3.7290e+00 -5.3568e-01 
3.7358e+00 -5.4124e-01 
3.7427e+00 -5.4692e-01 
3.7495e+00 -5.5243e-01 
3.7563e+00 -5.5806e-01 
3.7632e+00 -5.6348e-01 
3.7700e+00 -5.6906e-01 
3.7769e+00 -5.7449e-01 
3.7837e+00 -5.7996e-01 
3.7905e+00 -5.8555e-01 
3.7974e+00 -5.9063e-01 
3.8042e+00 -5.9604e-01 
3.8110e+00 -6.0137e-01 
3.8179e+00 -6.0676e-01 
3.8247e+00 -6.1226e-01 
3.8315e+00 -6.1731e-01 
3.8384e+00 -6.2269e-01 
3.8486e+00 -6.3033e-01 
3.8623e+00 -6.4052e-01 
3.8760e+00 -6.5089e-01 
3.8896e+00 -6.6088e-01 
3.9033e+00 -6.7044e-01 
3.9170e+00 -6.8032e-01 
3.9307e+00 -6.8982e-01 
3.9443e+00 -6.9948e-01 
3.9580e+00 -7.0886e-01 
3.9717e+00 -7.1813e-01 
3.9854e+00 -7.2678e-01 
3.9990e+00 -7.3658e-01 
4.0127e+00 -7.4512e-01 
4.0264e+00 -7.5369e-01 
4.0400e+00 -7.6226e-01 
4.0537e+00 -7.7037e-01 
4.0674e+00 -7.7876e-01 
4.0811e+00 -7.8646e-01 
4.0947e+00 -7.9467e-01 
4.1084e+00 -8.0259e-01 
4.1221e+00 -8.1043e-01 
4.1357e+00 -8.1742e-01 
4.1494e+00 -8.2506e-01 
4.1631e+00 -8.3192e-01 
4.1768e+00 -8.3888e-01 
4.1904e+00 -8.4582e-01 
4.2041e+00 -8.5216e-01 
4.2178e+00 -8.5910e-01 
4.2314e+00 -8.6554e-01 
4.2451e+00 -8.7150e-01 
4.2588e+00 -8.7737e-01 
4.2725e+00 -8.8341e-01 
4.2861e+00 -8.8903e-01 
4.2998e+00 -8.9453e-01 
4.3135e+00 -9.0008e-01 
4.3340e+00 -9.0751e-01 
4.3613e+00 -9.1729e-01 
4.3887e+00 -9.2586e-01 
4.4160e+00 -9.3428e-01 
4.4434e+00 -9.4202e-01 
4.4707e+00 -9.4851e-01 
4.4980e+00 -9.5461e-01 
4.5254e+00 -9.5973e-01 
4.5664e+00 -9.6661e-01 
4.7031e+00 -9.7492e-01 
4.8398e+00 -9.6773e-01 
4.8945e+00 -9.5896e-01 
4.9355e+00 -9.5063e-01 
4.9629e+00 -9.4393e-01 
4.9902e+00 -9.3674e-01 
5.0176e+00 -9.2867e-01 
5.0449e+00 -9.1986e-01 
5.0723e+00 -9.1055e-01 
5.0996e+00 -9.0064e-01 
5.1201e+00 -8.9264e-01 
5.1338e+00 -8.8678e-01 
5.1475e+00 -8.8116e-01 
5.1611e+00 -8.7528e-01 
5.1748e+00 -8.6906e-01 
5.1885e+00 -8.6284e-01 
5.2021e+00 -8.5657e-01 
5.2158e+00 -8.4969e-01 
5.2295e+00 -8.4317e-01 
5.2432e+00 -8.3609e-01 
5.2568e+00 -8.2912e-01 
5.2705e+00 -8.2183e-01 
5.2842e+00 -8.1440e-01 
5.2979e+00 -8.0702e-01 
5.3115e+00 -7.9937e-01 
5.3252e+00 -7.9152e-01 
5.3389e+00 -7.8309e-01 
5.3525e+00 -7.7539e-01 
5.3662e+00 -7.6704e-01 
5.3799e+00 -7.5860e-01 
5.3936e+00 -7.4997e-01 
5.4072e+00 -7.4097e-01 
5.4209e+00 -7.3222e-01 
5.4346e+00 -7.2353e-01 
5.4482e+00 -7.1392e-01 
5.4619e+00 -7.0479e-01 
5.4756e+00 -6.9514e-01 
5.4893e+00 -6.8588e-01 
5.5029e+00 -6.7577e-01 
5.5132e+00 -6.6857e-01 
5.5200e+00 -6.6362e-01 
5.5269e+00 -6.5864e-01 
5.5337e+00 -6.5358e-01 
5.5405e+00 -6.4854e-01 
5.5474e+00 -6.4353e-01 
5.5576e+00 -6.3615e-01 
5.5679e+00 -6.2820e-01 
5.5747e+00 -6.2281e-01 
5.5850e+00 -6.1495e-01 
5.5986e+00 -6.0420e-01 
5.6089e+00 -5.9637e-01 
5.6157e+00 -5.9103e-01 
5.6226e+00 -5.8565e-01 
5.6294e+00 -5.8001e-01 
5.6362e+00 -5.7454e-01 
5.6431e+00 -5.6909e-01 
5.6499e+00 -5.6344e-01 
5.6567e+00 -5.5796e-01 
5.6636e+00 -5.5243e-01 
5.6704e+00 -5.4692e-01 
5.6772e+00 -5.4143e-01 
5.6841e+00 -5.3554e-01 
5.6909e+00 -5.2982e-01 
5.6978e+00 -5.2399e-01 
5.7046e+00 -5.1814e-01 
5.7114e+00 -5.1288e-01 
5.7183e+00 -5.0680e-01 
5.7251e+00 -5.0070e-01 
5.7319e+00 -4.9508e-01 
5.7388e+00 -4.8926e-01 
5.7456e+00 -4.8322e-01 
5.7524e+00 -4.7742e-01 
5.7593e+00 -4.7162e-01 
5.7661e+00 -4.6575e-01 
5.7729e+00 -4.5949e-01 
5.7798e+00 -4.5347e-01 
5.7866e+00 -4.4736e-01 
5.7935e+00 -4.4139e-01 
5.8003e+00 -4.3513e-01 
5.8071e+00 -4.2929e-01 
5.8140e+00 -4.2331e-01 
5.8208e+00 -4.1706e-01 
5.8276e+00 -4.1089e-01 
5.8345e+00 -4.0453e-01 
5.8413e+00 -3.9845e-01 
5.8481e+00 -3.9213e-01 
5.8550e+00 -3.8624e-01 
5.8618e+00 -3.7967e-01 
5.8687e+00 -3.7353e-01 
5.8755e+00 -3.6712e-01 
5.8823e+00 -3.6105e-01 
5.8892e+00 -3.5436e-01 
5.8960e+00 -3.4829e-01 
5.9028e+00 -3.4154e-01 
5.9097e+00 -3.3526e-01 
5.9165e+00 -3.2895e-01 
5.9233e+00 -3.2244e-01 
5.9302e+00 -3.1610e-01 
5.9370e+00 -3.0963e-01 
5.9438e+00 -3.0311e-01 
5.9507e+00 -2.9651e-01 
5.9575e+00 -2.9024e-01 
5.9644e+00 -2.8365e-01 
5.9712e+00 -2.7692e-01 
5.9780e+00 -2.7067e-01 
5.9849e+00 -2.6406e-01 
5.9917e+00 -2.5724e-01 
5.9985e+00 -2.5079e-01 
6.0054e+00 -2.4418e-01 
6.0122e+00 -2.3766e-01 
6.0190e+00 -2.3070e-01 
6.0259e+00 -2.2441e-01 
6.0327e+00 -2.1770e-01 
6.0396e+00 -2.1123e-01 
6.0464e+00 -2.0434e-01 
6.0532e+00 -1.9775e-01 
6.0601e+00 -1.9092e-01 
6.0669e+00 -1.8405e-01 
6.0737e+00 -1.7755e-01 
6.0806e+00 -1.7088e-01 
6.0874e+00 -1.6396e-01 
6.0942e+00 -1.5756e-01 
6.1011e+00 -1.5085e-01 
6.1079e+00 -1.4402e-01 
6.1147e+00 -1.3688e-01 
6.1216e+00 -1.3037e-01 
6.1284e+00 -1.2347e-01 
6.1353e+00 -1.1663e-01 
6.1421e+00 -1.0998e-01 
6.1489e+00 -1.0333e-01 
6.1558e+00 -9.6440e-02 
6.1626e+00 -8.9264e-02 
6.1694e+00 -8.2652e-02 
6.1763e+00 -7.5870e-02 
6.1831e+00 -6.8811e-02 
6.1899e+00 -6.1983e-02 
6.1968e+00 -5.5232e-02 
6.2036e+00 -4.8529e-02 
6.2104e+00 -4.1701e-02 
6.2173e+00 -3.4999e-02 
6.2241e+00 -2.8109e-02 
6.2310e+00 -2.1210e-02 
6.2378e+00 -1.4088e-02 
6.2446e+00 -7.2756e-03 
6.2515e+00 -4.0310e-04 
6.2583e+00 6.5899e-03 
6.2651e+00 1.3284e-02 
6.2720e+00 2.0116e-02 
6.2788e+00 2.6948e-02 
6.2856e+00 3.3566e-02 
6.2925e+00 4.0920e-02 
6.2993e+00 4.7483e-02 
6.3062e+00 5.4401e-02 
6.3130e+00 6.1519e-02 
6.3198e+00 6.8186e-02 
6.3267e+00 7.5148e-02 
6.3335e+00 8.1957e-02 
6.3403e+00 8.8512e-02 
6.3472e+00 9.5649e-02 
6.3540e+00 1.0254e-01 
6.3608e+00 1.0951e-01 
6.3677e+00 1.1635e-01 
6.3745e+00 1.2285e-01 
6.3813e+00 1.2989e-01 
6.3882e+00 1.3661e-01 
6.3950e+00 1.4377e-01 
6.4019e+00 1.5030e-01 
6.4087e+00 1.5732e-01 
6.4155e+00 1.6405e-01 
6.4224e+00 1.7091e-01 
6.4292e+00 1.7752e-01 
6.4360e+00 1.8456e-01 
6.4429e+00 1.9103e-01 
6.4497e+00 1.9795e-01 
6.4565e+00 2.0458e-01 
6.4634e+00 2.1149e-01 
6.4702e+00 2.1824e-01 
6.4771e+00 2.2486e-01 
6.4839e+00 2.3162e-01 
6.4907e+00 2.3828e-01 
6.4976e+00 2.4513e-01 
6.5044e+00 2.5185e-01 
6.5112e+00 2.5840e-01 
6.5181e+00 2.6527e-01 
6.5249e+00 2.7195e-01 
6.5317e+00 2.7873e-01 
6.5386e+00 2.8508e-01 
6.5454e+00 2.9186e-01 
6.5522e+00 2.9876e-01 
6.5591e+00 3.0519e-01 
6.5659e+00 3.1208e-01 
6.5728e+00 3.1852e-01 
6.5796e+00 3.2498e-01 
6.5864e+00 3.3164e-01 
6.5933e+00 3.3808e-01 
6.6001e+00 3.4480e-01 
6.6069e+00 3.5127e-01 
6.6138e+00 3.5775e-01 
6.6206e+00 3.6422e-01 
6.6274e+00 3.7093e-01 
6.6343e+00 3.7706e-01 
6.6411e+00 3.8335e-01 
6.6479e+00 3.9000e-01 
6.6548e+00 3.9628e-01 
6.6616e+00 4.0282e-01 
6.6685e+00 4.0933e-01 
6.6753e+00 4.1525e-01 
6.6821e+00 4.2182e-01 
6.6890e+00 4.2810e-01 
6.6958e+00 4.3472e-01 
6.7026e+00 4.4087e-01 
6.7095e+00 4.4712e-01 
6.7163e+00 4.5337e-01 
6.7231e+00 4.5947e-01 
6.7300e+00 4.6568e-01 
6.7368e+00 4.7195e-01 
6.7437e+00 4.7796e-01 
6.7505e+00 4.8427e-01 
6.7573e+00 4.9041e-01 
6.7642e+00 4.9644e-01 
6.7710e+00 5.0241e-01 
6.7778e+00 5.0860e-01 
6.7847e+00 5.1443e-01 
6.7915e+00 5.2079e-01 
6.7983e+00 5.2666e-01 
6.8052e+00 5.3261e-01 
6.8120e+00 5.3873e-01 
6.8188e+00 5.4433e-01 
6.8257e+00 5.5029e-01 
6.8325e+00 5.5641e-01 
6.8394e+00 5.6210e-01 
6.8462e+00 5.6782e-01 
6.8530e+00 5.7397e-01 
6.8599e+00 5.7937e-01 
6.8667e+00 5.8539e-01 
6.8735e+00 5.9092e-01 
6.8804e+00 5.9683e-01 
6.8872e+00 6.0217e-01 
6.8940e+00 6.0789e-01 
6.9009e+00 6.1364e-01 
6.9077e+00 6.1923e-01 
6.9146e+00 6.2471e-01 
6.9214e+00 6.3036e-01 
6.9282e+00 6.3594e-01 
6.9351e+00 6.4134e-01 
6.9419e+00 6.4661e-01 
6.9487e+00 6.5224e-01 
6.9556e+00 6.5763e-01 
6.9658e+00 6.6564e-01 
6.9761e+00 6.7370e-01 
6.9829e+00 6.7895e-01 
